# mode    freq(cm-1)    alpha    beta2    activity
022   602.67384   2.6267993   6.3636874  355.0491765
023   598.99413   0.6572125   2.2089683  34.8995497
024   594.56871  -1.0302915   1.1408239  55.7532930
025   590.25784  -2.9102361   1.8866081  394.3325822
026   580.24546   1.2069509   4.6115233  97.8335324
027   577.51504  -0.4068445   6.6818847  54.2217009
028   575.24410   4.0665142  68.5088914  1223.7064413
029   572.24066  -0.0995967   1.7016868  12.3581852
030   567.13200  -0.5303725   4.7029789  45.5791248
031   558.11323   2.7232503   2.4616537  350.9557170
032   557.92242  -1.5577300   2.7990180  128.7866490
033   554.82735   1.9970418  37.4606946  441.6927847
034   552.34583   1.8158798   6.3265897  192.6700104
035   547.02226  -2.1610770  12.0242891  294.3314444
036   545.96611  -1.2897447   6.7046115  121.7871451
037   539.48509   1.9797058  27.5065101  368.9111452
038   538.63068   5.1648129  76.0368385  1732.6460208
039   537.40862  -0.5199472   3.2783590  35.1140440
040   535.42656   1.6041272   8.0239356  171.9626384
041   532.13841  -0.4355135   1.5283710  19.2338370
042   529.57197  -0.0133052   8.3553095  58.4951331
043   527.05004   0.1349396  23.6269496  166.2080378
044   522.25560   0.2403298   2.9379783  23.1649777
045   520.90063   1.6010756  42.7726781  414.7636869
046   515.81541   0.1989847  37.6525262  265.3494542
047   514.15536  -0.4892450   1.0285225  17.9708871
048   513.12101   0.1192879  14.2856941  100.6401908
049   508.16286  -0.4557585   9.2243704  73.9178033
050   506.71910  -0.2900596   0.8779427   9.9316556
051   505.87713   0.2192248   1.8722737  15.2685951
052   502.14854  -0.4290756  12.6347199  96.7278039
053   496.11532  -0.4329763  12.2639364  94.2836372
054   495.27862   1.2146751  27.1885186  256.7142328
055   493.37068   0.9377201  16.8538848  157.5465445
056   491.94133   1.1644442   2.4504575  78.1700638
057   491.52016  -0.0577863  16.0286498  112.3508150
058   488.40786   0.7923516  54.7470509  411.4813018
059   484.59846   2.8171377   0.7452324  362.3485403
060   483.65002  -1.0765082  15.6258045  161.5297783
061   481.84945  -0.7568436   1.7549691  38.0613337
062   479.01661   1.2875501  33.0610959  306.0280109
063   475.64209  -1.7129394  15.8844552  243.2284487
064   472.92273   1.0335671  13.7198895  144.1109726
065   472.66907  -0.0621631   9.5615759  67.1049230
066   469.24792   2.6890428   8.8829906  387.5737340
067   465.50698  -1.0768355   2.3267092  68.4678276
068   465.41612  -0.6499032   1.2112427  27.4855385
069   463.14603   0.2498631   4.3770178  33.4485444
070   457.46513  -1.7988248   4.4839450  176.9972899
071   455.94819  -1.9277955   1.4380900  177.3044244
072   452.08998  -0.0305494  11.1406052  78.0262332
073   451.17396   1.5096654  12.4259764  189.5408611
074   450.72241   1.2542344   6.3686308  115.3700933
075   444.72519  -1.3953582   2.0511455  101.9741174
076   444.13771   0.2112211  19.7681177  140.3844696
077   442.81454   1.7799975  14.7204674  245.6208685
078   440.74543   1.2127640   2.6083172  84.4440689
079   438.13417   0.1059114  13.0587297  91.9158833
080   436.15606  -0.6612663   1.8935026  32.9318083
081   434.07324   0.0928401   9.7626065  68.7261127
082   431.44570   0.9744898   7.1167272  92.5504539
083   430.43361   1.2099652  23.9842655  233.7705706
084   426.18100   0.3233476  23.6066725  169.9516214
085   424.90419  -0.3401295   9.5294086  71.9118227
086   423.59108  -1.4481594  13.2958253  187.4432372
087   421.35705  -0.6317688  10.4831914  91.3432737
088   419.38702   0.8536564  19.8976397  172.0762925
089   416.42062  -0.0296102  33.5179232  234.6649169
090   414.68807   0.5622107  21.0953203  161.8908825
091   410.02003   0.9930610   4.9849569  79.2723592
092   406.62462  -1.3205870  14.9779338  183.3232847
093   405.25968   0.6095874   4.4260270  47.7040477
094   403.17944   0.4012873  43.5226434  311.9049202
095   401.75109   0.4496857  37.2398928  269.7790258
096   400.85994   0.6319005  13.8402326  114.8500512
097   398.75475   0.6932927   3.9944189  49.5903967
098   398.63571  -1.4242806   3.0463856  112.6105854
099   395.61019  -1.3966711  21.2961006  236.8537564
100   393.44693  -0.4012466  16.3103839  121.4176354
101   391.89613  -0.8040754   0.4450302  32.2093859
102   388.18838   1.0621962   8.9131721  113.1639362
103   387.85671   0.7596618   8.1920107  83.3129485
104   386.79988   1.1166262   9.0250400  119.2837105
105   384.97827   0.8051550  11.1749765  107.3971893
106   381.95183   0.8127717   4.2873449  59.7383134
107   380.31516  -0.3268857   4.2961032  34.8811639
108   378.60245   0.3333837   7.5118335  57.5843447
109   374.45155   0.7871548  11.3021374  106.9975303
110   373.20205   0.9016988   4.1033664  65.3113000
111   371.60739  -0.2068896  21.3462626  151.3499859
112   370.60087   0.7035166   6.5044770  67.8034384
113   368.63459   0.2464317  10.5728508  76.7427429
114   366.99599   2.5053964  10.2847633  354.4588385
115   365.71765  -0.1764880   5.9994052  43.3974972
116   364.38407   0.3305784  10.1550003  76.0026957
117   362.54983  -1.0722853   2.5887473  69.8620374
118   361.66031  -0.2180840   5.1915764  38.4812637
119   359.79779  -0.8919316  21.5996647  186.9970385
120   358.38669   0.1962418  13.3416345  95.1244291
121   357.56798  -1.5717312  15.1296103  217.0725196
122   356.65804  -0.1461752   4.3732030  31.5739441
123   355.24716   0.4615957  11.5791827  90.6424554
124   353.32236  -0.1134837  17.4073203  122.4307771
125   351.20379   0.5453250  18.9062869  145.7260803
126   349.91841  -0.6575332   5.1464420  55.4808428
127   346.58862   0.9740324   1.2714517  51.5934263
128   344.07404   0.6054847   2.5583179  34.4057536
129   343.40430   0.7713697  19.3814527  162.4456768
130   340.31889  -0.2929126   3.9991351  31.8548462
131   336.39463   1.4650494  22.0885638  251.2065877
132   336.08368  -0.7937385   1.6488318  39.8927574
133   333.79988   0.9739468   0.3353199  45.0329968
134   331.44707   0.4688146   5.3876886  47.6042424
135   330.27753   0.2833127   5.1335073  39.5465257
136   327.53164  -0.1331112   9.1637268  64.9434235
137   327.09500  -1.6888196  23.3468781  291.7731741
138   324.72522  -0.4521903  38.3880571  277.9178224
139   322.13872   1.4643854  16.9784976  215.3485852
140   321.15150  -0.7337469   7.4223932  76.1840527
141   316.52594   0.7394999   6.7415583  71.7996156
142   315.44651   1.5313918   8.8411213  167.4200938
143   312.25933  -0.4077259   7.3331705  58.8130109
144   310.89299   0.5882469   2.7166909  34.5883875
145   307.24659  -0.4516777   1.5348682  19.9246496
146   306.61885   0.6259733   6.0800542  60.1932960
147   306.17424  -1.5280911  13.7571371  201.3777744
148   304.85844  -0.1604547   8.5906930  61.2934077
149   303.95362  -0.6444875   9.0637477  82.1376199
150   301.86682  -1.1659682   0.8953990  67.4444722
151   299.86457  -1.3244650   5.9616696  120.6710205
152   297.42772  -1.4124627  32.1301262  314.6881709
153   296.82284  -0.0825340   5.2781236  37.2533992
154   295.09661  -0.4653958  12.2748154  95.6704039
155   293.40639  -1.0711454   2.3763161  68.2650786
156   290.54001  -0.7753390   2.4700154  44.3418830
157   289.91468   0.0565247   1.3485588   9.5836884
158   286.73054   0.0356453   4.0969514  28.7358359
159   283.68656  -0.2919098   2.2407453  19.5197275
160   279.22226   1.2158150   9.5199887  133.1591919
161   278.94545  -1.0027395  12.5767082  133.2838462
162   276.43982  -0.8373649   3.9114720  58.9334011
163   273.20966   0.5004005  10.5266229  84.9543883
164   270.77975   1.6426851   0.4844727  124.8199580
165   268.03085  -0.6010892  18.8734571  148.3730672
166   267.17514   0.3895360   5.7316013  46.9494311
167   266.28083  -0.8417572   5.9956969  73.8548598
168   264.67713  -0.2615686   3.3087079  26.2397715
169   263.61348   0.9515777   1.5760725  51.7800100
170   261.34245  -0.5549300   7.7964591  68.4328429
171   259.69977   0.1526941   0.3032704   3.1720900
172   256.27534  -1.8703535  19.8183664  296.1485598
173   254.81641   0.6280099   0.7061269  22.6907260
174   252.46120  -1.2305397   2.8303345  87.9525940
175   250.89676   0.2592734   9.7999579  71.6247256
176   249.13965   0.4901540   2.7531117  30.0830725
177   247.20569  -0.6869307  10.2043873  92.6650295
178   244.69811  -0.1652820   0.8160579   6.9417225
179   243.42391   0.4291787   3.8293343  35.0940841
180   240.81101   1.2234343   5.4801392  105.7165925
181   240.66834  -0.2662300   2.2997937  19.2880856
182   238.61366   0.9152509   9.7599348  106.0153370
183   233.64471   0.1900126   6.2528057  45.3943551
184   231.21805   1.4826905   6.3270564  143.2160975
185   228.44075   1.0074647   2.8360546  65.5267127
186   227.50951   1.5294659   7.9279935  160.7629213
187   221.70500   0.2613444   2.7034097  21.9974077
188   219.91902   0.5218108  53.2539556  385.0305810
189   218.43399  -1.5619155   6.0616379  152.2125681
190   216.95789  -0.3811836   1.2827517  15.5178036
191   213.33178  -0.8424694   2.0946708  46.6016541
192   212.89167   0.7149215   0.9553238  29.6873394
193   210.11621   0.3026509   1.0217517  11.2741517
194   205.41151  -0.4494476   2.3593995  25.6059367
195   203.02747   0.2210128   7.4105716  54.0721016
