# mode    freq(cm-1)    alpha    beta2    activity
020   609.20226   0.3622566  12.5165758  93.5213737
021   599.68972   0.5016874   0.9060490  17.6684051
022   599.32045  -1.9318046  38.2366625  435.5907504
023   596.03062  -0.4404087   3.3415172  32.1188116
024   591.87215  -0.5951768   5.4579367  54.1461528
025   585.85360   0.9339087   3.4546375  63.4308105
026   584.50191  -0.2263446   2.1547081  17.3883919
027   579.28421   0.5717447  17.8613795  139.7397954
028   576.54717  -1.0416784   8.2582474  106.6369603
029   568.96257   1.3846322  15.0960908  191.9469180
030   564.29060   0.3688928   9.6633723  73.7672919
031   563.05992  -0.7909800   1.4171168  38.0740384
032   556.98412  -0.1137962   1.9907149  14.5177355
033   554.36944   0.2542709   2.8177947  22.6339801
034   547.84777  -1.4627386   1.5234369  106.9462506
035   542.36148  -0.8432720   2.6639057  50.6471833
036   539.23708   0.1385372   3.4342549  24.9034492
037   538.50154  -1.0770454   8.6944118  113.0620893
038   536.05773  -1.5318854   6.6983826  152.4889577
039   532.42723  -0.1130810   4.6072381  32.8260955
040   530.79562  -0.5612141   7.8004255  68.7762338
041   527.14645   1.6107365  10.0443126  187.0614350
042   523.49852  -0.8656086  15.6962385  143.5911906
043   521.53903   1.6739025   2.9753492  146.9151726
044   519.71356  -0.9520430  14.0453210  139.1046144
045   516.75542   1.1201080   1.1544707  64.5401849
046   516.57609   0.9139247  14.8763602  141.7211476
047   510.39626  -0.6381160   4.6729037  51.0339696
048   509.78012   2.0372990   5.0242849  221.9464244
049   507.05746  -1.9379091   9.2608146  233.8228341
050   501.32995   0.3313321   2.3928239  21.6899118
051   499.83402  -0.4039635   2.6660976  26.0060777
052   499.35896   0.7903822   4.4935148  59.5662876
053   498.04507  -1.5109269   4.8021873  136.3458103
054   496.61926  -0.3089782   0.2275805   5.8891024
055   490.88672   0.4175996   2.2070821  23.2970981
056   488.08815  -0.7437939  11.7721137  107.3001186
057   485.94752  -0.8897468   3.0287248  56.8252959
058   483.68631   1.0302818   6.1778271  91.0114172
059   481.11052  -0.0819911   0.7128027   5.2921328
060   478.73022  -0.6790056   4.7785978  54.1973748
061   475.95800  -0.7137655   0.6013620  27.1352853
062   473.27460   0.2240826   3.5681595  27.2367021
063   472.73413  -0.0989605   4.8743590  34.5612063
064   467.64188  -0.8704455   3.2098573  56.5643948
065   466.97517  -1.3106044   7.8215077  132.0463318
066   464.86156   1.5801834  13.6672680  208.0349523
067   461.73976  -0.7190207  12.6838469  112.0515122
068   459.47896   0.3952616   5.1467714  43.0578278
069   456.73199   0.7492523   4.2567053  55.0589921
070   455.70499   2.1147843   4.5982952  233.4421361
071   454.69031  -1.4794267   3.3488276  121.9334492
072   450.36308   0.4836044  15.3054345  117.6623345
073   446.74776  -0.0982939   5.0103301  35.5070869
074   445.76878   0.6147982   2.5991885  35.2032770
075   443.32377   0.0869425   4.1391817  29.3144267
076   440.66832   1.4790426   7.9875040  154.3530397
077   440.11618   0.1147333   3.1664356  22.7574167
078   436.57954  -0.2270001  14.7454631  105.5370494
079   435.85197  -1.4325409  10.4456156  165.4671128
080   432.18205   0.0564362   3.1528225  22.2130842
081   428.53960   0.9910709  20.2956447  186.2694788
082   427.26811  -1.8991603   0.3058167  164.4471662
083   425.27096  -0.3763773   5.2452328  43.0913256
084   420.93795  -1.2752183   9.3125431  138.3659832
085   420.55969  -2.0954266  15.7570611  307.8860028
086   418.70777   0.5137464   2.4570437  29.0763958
087   415.78221  -0.1448831   2.3821620  17.6197343
088   414.46089  -0.5077271   7.1782214  61.8479584
089   411.70044   0.6011530   0.9956530  23.2318939
090   410.16288  -0.1626427   2.7694753  20.5766964
091   405.65583   0.0813424  20.0685462  140.7775704
092   404.51324  -1.4055062   2.2180550  104.4215358
093   403.34619  -1.7173131  15.9918254  244.6551756
094   402.25620  -1.0052659  11.6041862  126.7044847
095   400.15278   0.6223740   5.5721050  56.4354599
096   397.00534   0.8424411  23.2514314  194.6968359
097   395.42344   1.0788928   4.8780521  86.5268042
098   392.65980   0.9033021   9.3548381  102.2018271
099   391.11064   0.4882752  29.6292651  218.1334254
100   387.91239   1.4342838   7.4563094  144.7668152
101   386.85749   0.8423383  19.9935335  171.8837532
102   385.29582  -2.0657842   3.2149350  214.5404462
103   382.99298  -0.9457344   4.6333295  72.6819205
104   381.13513  -0.8312941   3.0004306  52.1002580
105   377.78035   0.0665435   0.6010556   4.4066508
106   376.95459   0.7607439  18.2564359  153.8379578
107   375.30105  -0.7925478   7.5174949  80.8884022
108   374.66164  -1.8428167  13.9934103  250.7726679
109   371.55772   2.3084668   8.4050268  298.6410427
110   370.63482   0.6643854  10.9718940  96.6666173
111   369.77274  -1.3450184   6.1295121  124.3149408
112   365.32694  -3.0978363  15.5256262  540.5259177
113   363.75097   1.2194326   8.8880235  129.1318752
114   361.15653  -0.3324965  11.2677066  83.8488718
115   359.57479   1.2038148   3.5339721  89.9504545
116   357.87191  -0.8850412   3.6481945  60.7857676
117   356.47610   2.2443954  10.6868961  301.4872547
118   354.89361   0.6158813   8.5887455  77.1901576
119   352.78869  -1.0653034   1.6012539  62.2779896
120   350.64823   0.6194658   8.6815651  78.0391624
121   348.63736   0.1482257  25.8910886  182.2263088
122   347.18512  -0.4121487  15.9519902  119.3079253
123   343.77327  -0.5204699   6.1586264  55.3003838
124   342.23166   1.0780757  12.1387155  137.2721336
125   338.70145   0.1493122   3.5006569  25.5078350
126   334.35800   0.4015172   3.4818463  31.6276455
127   333.28572   0.7071082  12.7703199  111.8923301
128   330.77123  -1.0128159   4.9220839  80.6154087
129   330.53561  -1.4223364  22.1028119  245.7565204
130   329.02336   0.5514471   8.2666868  71.5510321
131   327.03841   0.3208504  12.6896639  93.4601700
132   324.06026   1.3220852   9.7836312  147.1413389
133   319.99474   0.3682935   5.0898112  41.7324840
134   318.49032   0.7519622   5.7781561  65.8922146
135   317.63743   1.2803230   4.3430216  104.1663611
136   317.11755  -1.2914628   8.9553867  137.7421378
137   312.76348  -1.0014906   7.6386546  98.6048368
138   310.45956  -1.8384927   0.4013008  154.9115940
139   309.33066  -0.6727612   3.1452383  42.3840087
140   305.46106  -0.5018551  10.4948657  84.7976942
141   303.23215   0.3108422   9.3640635  69.8964749
142   300.35211   0.9004092   4.8793831  70.6388325
143   299.81379  -1.1490988   6.4724978  104.7267424
144   296.16460   1.7821852  26.2820334  326.9025253
145   295.66906  -1.5520893   0.9311163  114.9219674
146   292.11392  -0.7815529   5.3107084  64.6620832
147   291.92285   0.3341625   7.0577389  54.4290796
148   287.79311   0.1812219   8.2533230  59.2511222
149   285.35321  -1.1717849   9.4510890  127.9462127
150   285.08818   0.5566418   7.1075288  63.6959545
151   283.02203  -0.9467698  10.6595424  114.9535872
152   279.89852  -2.9079466  22.7458735  539.7480200
153   278.16122   1.5182707  15.0010569  208.7389604
154   274.95164  -0.2130265   9.9538201  71.7188536
155   272.24478  -0.1563906   0.9943924   8.0613578
156   271.96859   0.0692895   4.9782781  35.0639934
157   270.94851  -0.1620705   4.2988708  31.2741041
158   269.64519   0.4063646   1.0916465  15.0724739
159   267.12592   0.7073122   3.9444034  50.1238987
160   264.07577   0.5667769   2.4609885  31.6825438
161   263.79142  -0.2799007   6.5294309  49.2315139
162   263.19885  -0.1614498   3.3615960  24.7041440
163   260.32139   0.4491672   1.8479016  22.0141157
164   258.09843   0.6251971   1.4839960  27.9771869
165   255.43673  -1.2207067   7.7778038  121.5002418
166   253.74604  -2.1152021  23.4660341  365.5958403
167   253.04182  -0.7320525   9.3932552  89.8683243
168   250.43694  -1.6105876  22.7668132  276.0973523
169   248.42579   0.6898861   1.2321634  30.0425684
170   245.13659  -0.9171205   1.3155559  47.0588390
171   245.04266  -0.0575069   0.6440407   4.6571018
172   242.03065  -0.4590241   4.0033315  37.5049625
173   241.53029   0.4160833   1.8970022  21.0696557
174   235.40812  -0.9979397   1.4159515  54.7264218
175   234.51375   1.0202648  14.2610352  146.6695614
176   233.04132   0.6150237   1.6921336  28.8663700
177   231.88023  -1.7409708   7.9430570  191.9954718
178   229.28450   0.1964851   0.2255212   3.3159358
179   227.70521   0.5461235   3.1384281  35.3902837
180   224.23748  -1.1981500  19.0115900  197.6814819
181   222.34310  -0.5962782   6.6691652  62.6838026
182   220.21559  -0.6903487   3.4536108  45.6214335
183   217.18994   0.8634081  13.3597625  127.0646501
184   216.37878  -0.6362474   2.7377840  37.3809724
185   213.65051  -1.4314193   9.7578174  160.5079782
186   211.57132   0.2144082   4.3589503  32.5813425
187   208.63547  -2.1266645   1.1440070  211.5296327
188   206.20539  -0.2034911   1.5501956  12.7147570
189   204.06001  -1.0992836   0.8512730  60.3380081
190   203.24105   0.2237821   2.7482152  21.4910362
