# mode    freq(cm-1)    alpha    beta2    activity
020   619.35692  -0.2831433   4.9430098  38.2087241
021   617.32819   1.2573409  29.9929786  281.0916273
022   610.69124   2.6838864  28.3968047  522.9237046
023   609.39088   0.8446751   3.9162817  59.5203915
024   599.43881  -0.1405670   2.3988252  17.6809356
025   596.33235   0.8213883   2.7545336  49.6422764
026   595.36803   1.1298171  13.9563982  155.1366857
027   593.98802  -0.8877873   0.5511453  39.3254991
028   590.62995   1.7362558   2.1691279  150.8401838
029   586.34489   0.6910710   3.0161246  42.6039355
030   583.66245  -2.9789354  60.3729185  821.9429578
031   578.09512   1.6603493  10.3094014  196.2199975
032   571.61709  -0.3458268  23.5500363  170.2320823
033   561.07331  -1.1050347   1.6804670  66.7128481
034   559.08333   0.6602826   7.4281028  71.6155127
035   550.73257  -2.8488757  14.2700437  465.1144923
036   550.21845   1.2555025  22.4238208  227.8996379
037   544.97044   0.2101723   2.1707646  17.1831092
038   542.83940   1.3927518  33.0330970  318.5207732
039   537.74873  -2.0039341   4.2056108  210.1481150
040   535.96068   0.3349327   5.4425772  43.1461364
041   529.81133   0.7985732   5.3899237  66.4268291
042   527.92680  -1.1867807   2.9909906  84.3171106
043   525.50240  -1.3463064   1.9758959  95.3956068
044   524.28792   0.5196952  18.3268448  140.4416527
045   522.13352   0.2423788  16.3143596  116.8441534
046   518.84644  -0.4085932  24.9684583  182.2918866
047   515.67106   1.8675391   5.1557177  193.0366214
048   515.21227  -0.7784465   3.2218296  49.8218617
049   511.09375   1.0258676  22.9084385  207.7172678
050   507.11592  -0.1297505   5.8670671  41.8270540
051   504.56993  -2.3970643  26.7540572  445.8446863
052   501.12911   0.3734299   5.5306290  44.9896495
053   498.42150   0.0889719  17.8211956  125.1045889
054   496.19144  -0.7307657   3.6420589  49.5252480
055   494.56979   0.4614752   0.8335587  15.4180827
056   491.79764  -1.2331331   4.7905239  101.9614455
057   490.30639   0.6582692   3.4192156  43.4338338
058   482.89409  -1.0408260   4.4549852  79.9342423
059   481.90019   0.9781492   5.0183776  78.1835581
060   481.11205  -2.1110921  11.8568501  283.5499028
061   476.18040   0.1448599   3.4604527  25.1674672
062   474.07053  -0.5666540   5.8158583  55.1603619
063   470.45114  -0.6917817  10.7365368  96.6910408
064   469.97984  -0.4039544   7.4048611  59.1770914
065   468.34749   0.1871535   2.1903437  16.9085952
066   465.82306   0.0686203  10.3616300  72.7433036
067   464.49845  -0.8516324  39.1257432  306.5177031
068   460.24171  -0.3131632  19.6330596  141.8446218
069   458.36524   0.4006042   2.9292791  27.7267215
070   458.18439   0.2545549   5.8652829  43.9728985
071   451.19851  -0.7626493   6.1826320  69.4519515
072   449.38697   0.0033187   2.9890574  20.9238973
073   447.40595  -0.6195212   6.2845864  61.2633953
074   445.95806  -0.1821429   4.2357402  31.1431035
075   444.14105   0.4828376   8.5809765  70.5577826
076   443.22166   0.0394787   4.3126729  30.2588456
077   439.66731   1.1047872   3.0049795  75.9598215
078   437.03406  -0.0004141   5.9114008  41.3798136
079   435.10833  -0.6285540  10.7187576  92.8099116
080   432.85624   0.6916725   3.9147941  48.9320453
081   428.51103  -2.1033236  14.0180842  297.2052441
082   427.33165  -0.2081486  10.6141958  76.2490324
083   424.56883   0.4632158   4.1533480  38.7290343
084   422.93970  -0.4987771   5.1443801  47.2056980
085   418.98205  -1.9407492  22.0548089  323.8764998
086   418.04847   0.9716442   4.4791425  73.8381553
087   414.82287  -0.1136420   3.0436993  21.8870477
088   414.08713  -0.3257608   8.9779084  67.6207638
089   413.17568   0.7252993   6.8108210  71.3484055
090   410.77840   0.3108460   4.1286861  33.2489398
091   408.54579   0.0700922   4.5069016  31.7693927
092   406.53205  -0.2984708   2.7019851  22.9227127
093   403.46920   1.1270778   7.3853969  108.8614721
094   400.51043   0.4930733   3.3443523  34.3509257
095   398.69894   1.2399874  22.2477027  224.9245084
096   397.28203   0.2032224   5.0717628  37.3608098
097   396.03542  -0.0658449  10.8406170  76.0794184
098   393.47005  -0.1442784   5.1524663  37.0039958
099   392.16595   1.0737039   2.2834063  67.8616456
100   389.69326   1.6573780   4.3616984  154.1424735
101   387.95981  -1.1159070   5.7293636  96.1417220
102   387.67800   0.5007294   9.3045990  76.4150392
103   385.97646   1.1422888   4.8242191  92.4866035
104   383.39037   1.1403357   6.3493250  102.9617269
105   380.70183  -0.5464505  42.8992303  313.7319807
106   378.53336   0.2234651   3.0949741  23.9119684
107   377.99152  -0.5326811   2.9350035  33.3137381
108   374.98102  -1.9350938  10.6274077  242.8983071
109   371.62690   0.9737226  20.9457476  189.2863379
110   370.77772   1.0159367  12.8655148  136.5043327
111   369.66850  -0.4179119   2.0943598  22.5197841
112   367.89823   0.8459049   2.8299944  52.0099409
113   366.25744  -0.1999122   1.7930494  14.3497655
114   362.49259   1.7876875  12.8482172  233.7497206
115   361.14438  -0.3403624  10.2509026  76.9694125
116   358.56577   0.6518281  11.6554711  100.7078909
117   357.87023  -0.6962680   6.8428077  69.7151654
118   352.92444  -0.8557996   5.6213406  72.3070699
119   351.92592  -1.0433645   0.3357281  51.3375280
120   351.04568  -0.0137992   2.2931999  16.0609678
121   349.15583  -0.5162994   9.0308548  75.2114140
122   346.97205   1.0250791  16.1339175  160.2228455
123   343.23781  -2.1770292  33.0495055  444.6220732
124   342.31605   0.0330737   1.4465020  10.1747377
125   340.41761   1.0340083   6.7885827  95.6328696
126   337.04172   0.6146805   4.4862190  48.4059770
127   335.80885   1.4598277  10.8832181  172.0818945
128   334.15094   0.4374331   2.1250711  23.4861451
129   331.68465   3.3146465  32.6807372  723.1748231
130   329.22863  -1.8281045   1.1114355  158.1685251
131   328.16962  -0.3015721   4.2357590  33.7428716
132   325.19998   1.0435789   4.4098721  79.8766663
133   323.72056   0.0876961   2.5383529  18.1145477
134   321.35597   1.0459565   4.3375514  79.5939807
135   316.78417   0.2845096   2.6428738  22.1426732
136   316.26294  -0.0114828   5.7148060  40.0095755
137   315.82141   0.1796580   3.1176113  23.2757442
138   313.41602   1.2485769   2.7971467  89.7325248
139   311.58220   1.6269306   9.0466067  182.4368843
140   310.52184   1.3455698   2.2180820  97.0016932
141   308.21229  -0.1384168   2.7356206  20.0115087
142   307.26450  -0.0605731   0.2943224   2.2253665
143   303.60026   1.3270098  25.5914340  258.3830163
144   301.77489   0.9434060  71.8393995  542.9264697
145   299.95236  -0.6540809  13.7197099  115.2899490
146   296.87915  -0.7186880   8.6584463  83.8521860
147   295.58129   0.2992058   5.3460147  41.4506883
148   291.34756   0.7045920  24.7756841  195.7700352
149   290.70156  -0.3077227   6.9841473  53.1502267
150   290.25120  -0.9024299  22.1389723  191.6198911
151   287.85793  -1.3847783   3.5149372  110.8970523
152   286.92389   0.4181402   8.3419082  66.2612107
153   285.25067   0.1331342   1.5324648  11.5248656
154   281.14007  -1.9922775  13.1573870  270.7143492
155   280.56804   1.6378358  11.1094063  198.4786228
156   278.74053   2.0298682   6.9520238  234.0805957
157   277.28158   0.0045409   1.1307656   7.9162871
158   273.83170   0.3915574   4.4326834  37.9280585
159   273.38747   0.5837117   9.3319773  80.6562124
160   271.64331  -0.3766360   6.0464883  48.7088791
161   269.59203   0.1185231   1.2679182   9.5075749
162   267.09110  -2.7219986  13.2031926  425.8397746
163   264.31013  -0.0657325   1.1840251   8.4826101
164   262.75918  -0.4321358   1.5682811  19.3813285
165   262.65593   0.1844506  25.3140454  178.7293092
166   259.50092   0.4142790   0.6382312  12.1908387
167   257.31546  -1.5211150   1.0499159  111.4699962
168   254.76706   0.7635437   9.6679221  93.9104086
169   253.61716   0.3165651   8.7220730  65.5641154
170   251.01797  -0.1026892  35.9116051  251.8557637
171   247.03976  -1.5067146   6.6262874  148.5425159
172   245.69734  -0.3895747   4.1412059  35.8180218
173   242.29252  -0.7237322  11.1173091  101.3916364
174   240.94455   0.8437149  13.8695618  129.1203997
175   238.87216   0.9564951   2.7908801  60.7058866
176   237.02010   0.5448000  20.3627187  155.8953498
177   234.69093   0.4398891   1.6702023  20.3990238
178   232.74891   1.0663633   1.5565247  62.0665569
179   230.31917   1.3135133   2.1470379  92.6685412
180   228.23829  -0.0086490   1.2411888   8.6916881
181   223.07389   0.4722618   3.8098800  36.7055667
182   221.01624   1.3003181  11.5716366  157.0886760
183   220.81369  -0.3205207   4.7814864  38.0934135
184   218.25667   1.2045417  10.8951657  141.5575943
185   215.87052  -0.2902477   4.2401661  33.4721305
186   213.33134   0.9707596   3.8103621  69.0793746
187   211.68479  -0.9214619   2.5855639  56.3080899
188   208.18641   1.0019933   1.0301484  52.3906134
189   204.80398   1.4009288  15.1993549  194.7125503
190   202.19643  -1.3722653   2.3378237  101.1048122
